Title STRIKE THE BLOOD 
Artist Kishida Kyoudan & The Akeboshi Rockets 
Creator [GraveChaos] 
Version Arcwin's 4K MX 
OverallDifficulty 8 
TimingPoint / millisecond per 1 beat
34 288.461538461538 
41428 288.461538461538 
73735 288.461538461538 

Unit: millisecond
Time / key1 / End_time(1) / key2 / End_time(2) / key3 / End_time(3) / key4 / End_time(4)

34 0 0 1 0 1 0 0 0 

322 1 3 0 0 0 0 0 0 

394 0 0 0 0 1 3 0 0 

466 0 0 1 3 0 0 0 0 

538 0 0 0 0 0 0 1 3 

610 1 3 0 0 0 0 0 0 

683 0 0 0 0 1 3 0 0 

755 0 0 1 3 0 0 0 0 

827 0 0 0 0 0 0 1 3 

899 1 3 0 0 0 0 0 0 

971 0 0 0 0 1 3 0 0 

1043 0 0 1 3 0 0 0 0 

1115 0 0 0 0 0 0 1 3 

1187 1 3 0 0 0 0 0 0 

1259 0 0 0 0 1 3 0 0 

1332 0 0 1 3 0 0 0 0 

1404 0 0 0 0 0 0 1 3 

1476 1 3 0 0 0 0 0 0 

1548 0 0 0 0 1 3 0 0 

1620 0 0 1 3 0 0 0 0 

1692 0 0 0 0 0 0 1 3 

1764 1 3 0 0 0 0 0 0 

1836 0 0 0 0 1 3 0 0 

1908 0 0 1 3 0 0 0 0 

1981 0 0 0 0 0 0 1 3 

2053 1 3 0 0 0 0 0 0 

2125 0 0 1 3 0 0 0 0 

2197 0 0 0 0 1 2 1 4072 

3928 1 3 0 0 0 0 0 0 

4000 0 0 0 0 1 3 0 0 

4072 1 1 1 0 0 0 0 0 

4216 0 0 0 0 1 4505 0 0 

4505 1 2 1 0 0 0 1 0 

4793 0 0 0 0 1 3 0 0 

4937 1 0 1 1 0 0 0 0 

5226 0 0 0 0 1 3 0 0 

5370 0 0 1 3 0 0 0 0 

5514 0 0 0 0 1 3 1 1 

5658 1 2 1 0 0 0 1 5947 

5947 0 0 0 0 1 3 0 0 

6091 1 1 1 0 0 0 0 0 

6235 1 6524 0 0 1 0 1 2 

6524 0 0 1 3 0 0 0 0 

6668 0 0 0 0 1 0 1 1 

6812 1 0 1 2 1 0 0 0 

7101 0 0 1 3 0 0 0 0 

7245 0 0 0 0 1 1 1 0 

7533 0 0 1 3 0 0 0 0 

7678 0 0 0 0 1 3 0 0 

7822 1 0 1 1 0 0 0 0 

7966 1 8255 0 0 1 0 1 0 

8255 0 0 1 3 0 0 0 0 

8399 0 0 0 0 1 0 1 1 

8543 1 3 1 0 0 0 1 8832 

8832 0 0 0 0 1 3 0 0 

8976 1 1 1 0 0 0 0 0 

9120 1 0 0 0 1 0 1 0 

9408 0 0 0 0 1 3 0 0 

9553 1 0 1 0 0 0 0 0 

9841 0 0 0 0 0 0 1 3 

9985 0 0 1 3 0 0 0 0 

10130 0 0 0 0 1 0 1 1 

10274 1 0 1 0 1 10562 0 0 

10562 0 0 0 0 0 0 1 3 

10707 1 1 1 0 0 0 0 0 

10851 0 0 1 11139 1 0 1 0 

11139 1 3 0 0 0 0 0 0 

11283 0 0 0 0 1 0 1 1 

11427 1 0 1 0 1 0 0 0 

11716 1 0 0 0 0 0 1 0 

11860 0 0 0 0 1 3 0 0 

12005 1 0 0 0 0 0 1 0 

12149 0 0 1 3 0 0 0 0 

12293 1 0 0 0 0 0 1 0 

12437 0 0 0 0 1 3 0 0 

12582 1 0 0 0 0 0 1 0 

12726 0 0 1 3 0 0 0 0 

12870 1 0 0 0 0 0 1 0 

13014 0 0 0 0 1 3 0 0 

13158 1 0 1 0 0 0 0 0 

13303 0 0 0 0 1 1 1 0 

13447 1 0 1 1 0 0 0 0 

13735 1 3 0 0 1 0 1 0 

14024 1 1 0 0 0 0 1 0 

14168 0 0 0 0 1 3 0 0 

14312 0 0 1 0 0 0 0 0 

14457 0 0 0 0 1 1 1 0 

14601 1 3 0 0 0 0 0 0 

14745 0 0 1 3 0 0 0 0 

14889 0 0 0 0 1 15466 1 0 

15178 1 0 1 1 0 0 0 0 

15466 0 0 0 0 0 0 1 3 

15610 1 0 1 1 0 0 0 0 

15755 0 0 0 0 1 3 0 0 

15899 1 3 0 0 0 0 0 0 

16043 0 0 1 0 1 0 1 0 

16332 1 0 1 1 0 0 0 0 

16476 0 0 0 0 0 0 1 3 

16620 1 3 0 0 0 0 0 0 

16764 0 0 1 0 1 1 0 0 

16908 0 0 0 0 0 0 1 0 

17053 1 3 0 0 0 0 0 0 

17197 0 0 1 17774 1 3 0 0 

17485 0 0 0 0 1 1 1 0 

17774 1 3 0 0 0 0 0 0 

17918 0 0 0 0 1 1 1 0 

18062 0 0 1 3 0 0 0 0 

18207 0 0 0 0 1 3 0 0 

18351 1 0 1 0 0 0 1 0 

18639 1 1 0 0 0 0 1 0 

18783 0 0 0 0 1 3 0 0 

18928 0 0 1 3 0 0 0 0 

19072 0 0 0 0 1 1 1 0 

19216 1 0 0 0 0 0 0 0 

19360 0 0 0 0 0 0 1 3 

19505 0 0 1 0 1 19793 0 0 

19793 1 1 1 0 0 0 0 0 

19937 0 0 0 0 0 0 1 0 

20082 1 3 0 0 0 0 0 0 

20226 0 0 1 0 1 1 0 0 

20370 0 0 0 0 0 0 1 0 

20514 0 0 1 0 0 0 0 0 

20658 0 0 0 0 1 3 0 0 

20803 1 0 0 0 0 0 0 0 

20947 0 0 1 1 0 0 1 0 

21091 0 0 0 0 1 0 0 0 

21235 0 0 1 3 0 0 0 0 

21308 1 0 0 0 0 0 0 0 

21380 0 0 1 0 0 0 1 1 

21524 0 0 0 0 1 3 0 0 

21668 1 1 0 0 0 0 1 0 

21812 0 0 1 0 1 3 1 22966 

22678 0 0 0 0 1 22966 0 0 

22966 1 0 1 3 0 0 0 0 

23255 0 0 0 0 0 0 1 3 

23399 1 0 1 1 0 0 0 0 

23543 0 0 0 0 1 3 0 0 

23615 0 0 1 3 0 0 0 0 

23687 0 0 0 0 1 3 0 0 

23832 0 0 1 3 0 0 0 0 

23976 1 1 0 0 0 0 1 0 

24120 0 0 0 0 1 0 1 24553 

24264 1 3 0 0 0 0 0 0 

24408 0 0 1 3 0 0 0 0 

24553 1 1 0 0 1 0 0 0 

24697 0 0 1 3 0 0 0 0 

24769 0 0 0 0 1 3 0 0 

24841 0 0 1 3 0 0 0 0 

24985 0 0 0 0 0 0 1 3 

25130 1 1 0 0 0 0 0 0 

25274 0 0 1 0 1 0 1 0 

25562 1 3 0 0 0 0 0 0 

25706 0 0 1 0 0 0 1 1 

25850 0 0 0 0 1 3 0 0 

25922 0 0 1 3 0 0 0 0 

25994 0 0 0 0 1 3 0 0 

26139 1 3 0 0 0 0 0 0 

26283 0 0 0 0 1 1 1 0 

26427 1 26860 1 3 0 0 0 0 

26572 0 0 0 0 1 0 1 1 

26716 0 0 1 3 0 0 0 0 

26860 0 0 0 0 0 0 1 3 

27004 0 0 0 0 1 3 0 0 

27149 1 1 0 0 0 0 1 0 

27293 0 0 1 3 0 0 0 0 

27437 0 0 0 0 1 0 1 1 

27581 1 0 1 0 0 0 0 0 

27582 0 0 0 0 0 0 1 0 

27870 0 0 0 0 1 3 0 0 

28014 1 0 1 1 0 0 0 0 

28303 0 0 0 0 1 3 0 0 

28447 0 0 1 3 0 0 0 0 

28591 0 0 0 0 1 1 1 0 

28735 1 3 1 29024 0 0 0 0 

29024 0 0 0 0 1 3 0 0 

29168 1 1 0 0 0 0 1 0 

29457 0 0 1 3 0 0 0 0 

29601 0 0 0 0 0 0 1 3 

29745 1 0 0 0 1 0 0 0 

29889 1 0 1 0 0 0 1 0 

30178 1 3 0 0 0 0 0 0 

30322 0 0 0 0 1 1 1 0 

30610 0 0 0 0 0 0 1 3 

30755 0 0 1 3 0 0 0 0 

30899 0 0 0 0 1 1 1 0 

31043 1 0 1 0 0 0 1 31476 

31332 0 0 0 0 1 3 0 0 

31476 1 0 1 1 0 0 0 0 

31620 0 0 0 0 0 0 1 3 

31692 1 0 0 0 0 0 0 0 

31764 0 0 0 0 1 0 1 1 

31908 0 0 1 3 0 0 0 0 

32053 0 0 1 3 1 0 0 0 

32341 1 33207 1 0 0 0 1 0 

32485 0 0 1 3 0 0 1 0 

32774 0 0 0 0 1 3 0 0 

33062 0 0 0 0 1 3 0 0 

33207 0 0 1 0 0 0 1 0 

33351 1 0 0 0 1 34072 0 0 

33495 0 0 0 0 0 0 1 3 

33639 1 0 1 1 0 0 0 0 

33928 1 3 0 0 0 0 0 0 

34000 0 0 0 0 0 0 1 0 

34072 1 1 1 0 0 0 0 0 

34216 0 0 0 0 1 3 0 0 

34360 0 0 1 3 0 0 0 0 

34505 0 0 0 0 0 0 1 3 

34649 1 35082 0 0 1 0 0 0 

34793 0 0 0 0 0 0 1 3 

34937 0 0 1 3 0 0 0 0 

35082 0 0 0 0 1 35514 1 0 

35226 1 3 0 0 0 0 0 0 

35370 0 0 0 0 0 0 1 3 

35514 1 0 1 0 0 0 1 36380 

35658 0 0 0 0 1 3 0 0 

35803 1 3 0 0 0 0 0 0 

35947 0 0 1 0 1 1 0 0 

36091 1 3 0 0 0 0 0 0 

36235 0 0 1 3 0 0 0 0 

36380 1 1 0 0 1 0 0 0 

36524 0 0 1 0 0 0 0 0 

36668 0 0 0 0 1 3 1 0 

36957 1 0 0 0 1 0 1 0 

37245 0 0 0 0 1 1 0 0 

37317 0 0 1 0 0 0 0 0 

37389 0 0 0 0 0 0 1 3 

37461 1 0 0 0 0 0 0 0 

37533 0 0 0 0 1 1 0 0 

37606 0 0 1 0 0 0 0 0 

37678 0 0 0 0 0 0 1 3 

37750 1 0 0 0 0 0 0 0 

37822 0 0 0 0 1 1 0 0 

37894 0 0 1 0 0 0 0 0 

37966 0 0 0 0 0 0 1 3 

38038 1 0 0 0 0 0 0 0 

38110 0 0 0 0 1 1 0 0 

38183 0 0 1 0 0 0 0 0 

38255 0 0 0 0 0 0 1 3 

38327 1 0 0 0 0 0 0 0 

38399 0 0 0 0 1 1 0 0 

38471 0 0 1 0 0 0 0 0 

38543 0 0 0 0 0 0 1 3 

38615 1 0 0 0 0 0 0 0 

38687 0 0 0 0 1 1 0 0 

38759 0 0 1 0 0 0 0 0 

38832 0 0 0 0 0 0 1 3 

38904 1 0 0 0 0 0 0 0 

38976 0 0 0 0 1 3 0 0 

39048 0 0 1 0 0 0 0 0 

39120 0 0 0 0 1 0 1 40130 

39408 1 0 0 0 0 0 0 0 

39553 0 0 1 0 1 3 0 0 

39697 1 3 0 0 0 0 0 0 

39841 0 0 0 0 1 3 0 0 

39985 0 0 1 3 0 0 0 0 

40130 1 0 0 0 1 0 0 0 

40274 0 0 1 0 1 0 1 0 

40562 1 3 0 0 0 0 0 0 

40707 0 0 0 0 1 0 1 0 

40851 1 0 0 0 0 0 1 0 

40995 0 0 0 0 1 3 0 0 

41139 1 0 1 0 0 0 0 0 

41428 1 0 0 0 1 0 1 42582 

41716 0 0 1 3 0 0 0 0 

41860 1 1 0 0 1 0 0 0 

42149 0 0 1 3 0 0 0 0 

42293 1 3 0 0 0 0 0 0 

42437 0 0 1 0 1 1 0 0 

42582 1 43735 0 0 1 0 0 0 

42870 0 0 0 0 0 0 1 3 

43014 0 0 1 1 1 0 0 0 

43303 0 0 0 0 0 0 1 3 

43447 0 0 0 0 1 3 0 0 

43591 0 0 1 0 0 0 1 1 

43735 0 0 1 0 1 44889 0 0 

44024 1 3 0 0 0 0 0 0 

44168 0 0 1 0 0 0 1 1 

44457 0 0 0 0 0 0 1 3 

44601 0 0 1 3 0 0 0 0 

44745 1 0 0 0 0 0 1 1 

44889 1 0 1 46043 0 0 0 0 

45178 0 0 0 0 0 0 1 3 

45322 1 0 0 0 1 1 0 0 

45610 0 0 0 0 0 0 1 1 

45683 1 3 0 0 0 0 0 0 

45755 0 0 0 0 0 0 1 3 

45827 1 3 0 0 0 0 0 0 

45899 0 0 0 0 0 0 1 3 

45971 1 3 0 0 0 0 0 0 

46043 0 0 0 0 1 0 1 47197 

46332 0 0 1 3 0 0 0 0 

46476 1 1 0 0 1 0 0 0 

46764 0 0 0 0 1 3 0 0 

46908 1 3 0 0 0 0 0 0 

47053 0 0 1 0 1 1 0 0 

47197 1 0 1 48351 0 0 0 0 

47485 0 0 0 0 1 3 0 0 

47630 1 1 0 0 0 0 1 0 

47918 1 3 0 0 0 0 0 0 

48062 0 0 0 0 0 0 1 3 

48207 0 0 0 0 1 1 0 0 

48351 1 48928 0 0 1 0 1 0 

48639 0 0 1 3 0 0 0 0 

48783 0 0 0 0 0 0 1 1 

48928 0 0 1 49505 1 0 1 0 

49216 0 0 0 0 0 0 1 3 

49360 1 1 0 0 0 0 0 0 

49505 1 0 0 0 1 50082 1 0 

49793 0 0 0 0 0 0 1 3 

49937 1 1 1 0 0 0 0 0 

50082 0 0 0 0 0 0 1 3 

50226 0 0 1 3 0 0 0 0 

50370 0 0 0 0 1 3 0 0 

50514 0 0 1 0 0 0 1 0 

50658 1 0 0 0 1 0 1 51812 

50947 0 0 1 3 0 0 0 0 

51091 1 0 0 0 1 0 0 0 

51380 0 0 0 0 1 3 0 0 

51524 1 3 0 0 0 0 0 0 

51668 0 0 1 1 1 0 0 0 

51812 1 0 0 0 1 52966 0 0 

52101 0 0 0 0 0 0 1 3 

52245 1 0 1 1 0 0 0 0 

52533 0 0 0 0 0 0 1 3 

52678 1 3 0 0 0 0 0 0 

52822 0 0 1 1 0 0 0 0 

52966 1 54120 1 0 0 0 1 0 

53255 0 0 0 0 1 3 0 0 

53399 0 0 1 1 0 0 1 0 

53687 0 0 0 0 1 3 0 0 

53832 0 0 1 3 0 0 0 0 

53976 0 0 0 0 1 0 1 1 

54120 0 0 1 55274 1 0 0 0 

54408 0 0 0 0 0 0 1 3 

54553 1 1 0 0 1 0 0 0 

54841 0 0 0 0 0 0 1 1 

54913 0 0 0 0 1 3 0 0 

54985 1 3 0 0 0 0 0 0 

55058 0 0 0 0 1 3 0 0 

55130 0 0 0 0 0 0 1 3 

55202 0 0 0 0 1 3 0 0 

55274 1 0 0 0 0 0 1 56428 

55562 0 0 1 3 0 0 0 0 

55707 1 1 0 0 1 1 0 0 

55995 0 0 0 0 1 3 0 0 

56139 1 3 0 0 0 0 0 0 

56283 0 0 1 0 1 0 0 0 

56428 1 57582 0 0 1 0 0 0 

56716 0 0 1 3 0 0 0 0 

56860 0 0 0 0 1 0 1 0 

57149 0 0 0 0 1 3 0 0 

57293 0 0 1 3 0 0 0 0 

57437 0 0 0 0 1 0 1 1 

57582 0 0 1 0 1 58735 1 0 

57870 0 0 0 0 0 0 1 3 

58014 1 0 1 1 0 0 0 0 

58303 0 0 0 0 0 0 1 3 

58447 0 0 1 3 0 0 0 0 

58591 1 0 0 0 0 0 1 1 

58735 0 0 1 3 0 0 0 0 

58880 1 0 0 0 0 0 1 0 

59024 0 0 0 0 1 3 0 0 

59168 1 0 0 0 0 0 1 0 

59457 0 0 0 0 1 0 0 0 

59529 1 0 0 0 0 0 0 0 

59601 0 0 0 0 0 0 1 0 

59673 0 0 1 0 0 0 0 0 

59745 0 0 0 0 1 0 0 0 

59817 1 0 0 0 0 0 0 0 

59889 0 0 1 0 1 0 1 0 

60178 1 3 1 0 0 0 0 0 

60322 0 0 1 1 1 0 1 60610 

60466 1 0 0 0 0 0 0 0 

60538 0 0 1 0 0 0 0 0 

60610 0 0 0 0 1 3 0 0 

60683 0 0 1 0 0 0 0 0 

60755 1 3 0 0 0 0 0 0 

60899 0 0 1 0 0 0 1 1 

61043 1 0 1 0 1 0 0 0 

61332 0 0 0 0 1 0 1 3 

61476 1 61764 1 0 0 0 0 0 

61764 0 0 0 0 1 3 0 0 

61908 0 0 1 3 0 0 0 0 

62053 0 0 0 0 1 1 1 0 

62197 1 63351 1 0 0 0 1 0 

62485 0 0 1 3 0 0 0 0 

62630 0 0 0 0 1 0 1 1 

62774 0 0 1 0 0 0 0 0 

62918 0 0 0 0 0 0 1 3 

63062 0 0 0 0 1 3 0 0 

63207 0 0 1 1 0 0 1 0 

63351 0 0 1 0 1 0 1 64505 

63639 0 0 0 0 1 3 0 0 

63783 1 0 1 1 0 0 0 0 

63928 0 0 0 0 1 3 0 0 

64072 1 0 1 3 0 0 0 0 

64216 0 0 0 0 1 3 0 0 

64360 0 0 1 1 0 0 0 0 

64505 1 0 1 0 1 0 0 0 

64793 0 0 0 0 1 3 1 0 

64937 1 65225 1 0 1 0 0 0 

65082 0 0 0 0 0 0 1 0 

65153 0 0 1 0 0 0 0 0 

65225 0 0 0 0 1 3 0 0 

65298 0 0 1 0 0 0 0 0 

65370 0 0 0 0 0 0 1 3 

65514 1 0 0 0 1 1 0 0 

65658 0 0 1 0 1 0 1 0 

65947 1 3 1 0 0 0 0 0 

66091 0 0 0 0 1 0 1 66379 

66379 0 0 1 3 0 0 0 0 

66523 0 0 0 0 1 3 0 0 

66668 1 1 1 0 0 0 0 0 

66812 1 0 0 0 1 0 1 67966 

67100 0 0 0 0 1 3 0 0 

67245 1 0 1 0 0 0 0 0 

67533 0 0 0 0 1 3 0 0 

67677 0 0 1 3 0 0 0 0 

67822 1 0 0 0 1 1 0 0 

67966 1 69120 1 0 1 0 0 0 

68254 0 0 0 0 1 3 0 0 

68255 0 0 0 0 0 0 1 0 

68398 0 0 1 0 0 0 0 0 

68543 0 0 1 0 1 0 0 0 

68687 0 0 0 0 0 0 1 0 

68831 0 0 1 3 0 0 0 0 

68975 0 0 0 0 1 1 0 0 

69120 0 0 1 0 1 0 1 69553 

69408 0 0 1 3 0 0 0 0 

69553 1 0 0 0 1 69841 0 0 

69697 0 0 1 3 0 0 0 0 

69841 1 3 0 0 0 0 1 0 

69985 0 0 1 3 0 0 0 0 

70130 0 0 0 0 1 3 0 0 

70274 1 0 0 0 0 0 1 1 

70418 0 0 0 0 1 3 0 0 

70562 0 0 1 0 0 0 1 0 

70707 0 0 0 0 1 3 0 0 

70851 1 0 1 0 0 0 0 0 

70995 0 0 0 0 0 0 1 3 

71139 1 0 0 0 1 0 0 0 

71283 0 0 1 3 0 0 0 0 

71428 1 1 0 0 1 72149 1 0 

71860 0 0 1 0 0 0 0 0 

72149 0 0 0 0 0 0 1 3 

72221 0 0 1 3 0 0 0 0 

72293 0 0 0 0 1 3 0 0 

72365 1 3 0 0 0 0 0 0 

72437 0 0 0 0 0 0 1 3 

72509 0 0 1 3 0 0 0 0 

72582 0 0 0 0 1 3 0 0 

72654 1 3 0 0 0 0 0 0 

72726 0 0 0 0 0 0 1 3 

72798 0 0 0 0 1 3 0 0 

72870 1 3 0 0 0 0 0 0 

72942 0 0 1 3 0 0 0 0 

73014 0 0 0 0 0 0 1 3 

73086 0 0 0 0 1 3 0 0 

73158 1 3 0 0 0 0 0 0 

73231 0 0 1 3 0 0 0 0 

73303 0 0 0 0 0 0 1 3 

73375 1 3 0 0 0 0 0 0 

73447 0 0 0 0 1 3 0 0 

73519 0 0 1 3 0 0 0 0 

73591 0 0 0 0 0 0 1 3 

73663 1 3 0 0 0 0 0 0 

73735 0 0 1 0 1 0 1 74024 

74024 0 0 1 3 0 0 0 0 

74168 1 1 0 0 0 0 1 74457 

74456 0 0 0 0 1 3 0 0 

74601 1 74889 1 3 0 0 0 0 

74745 0 0 0 0 1 1 1 0 

74889 0 0 1 0 1 0 1 0 

75033 0 0 0 0 0 0 1 75178 

75178 0 0 1 3 0 0 0 0 

75322 1 75466 0 0 1 0 0 0 

75466 0 0 1 0 1 0 1 0 

75610 0 0 0 0 0 0 1 75755 

75755 0 0 1 3 0 0 0 0 

75899 1 76043 0 0 1 1 1 0 

76043 0 0 1 0 1 0 1 0 

76187 1 0 0 0 0 0 0 0 

76296 0 0 0 0 0 0 1 0 

76386 0 0 1 0 0 0 0 0 

76476 0 0 0 0 1 1 1 0 

76566 1 0 0 0 0 0 0 0 

76656 0 0 0 0 1 0 0 0 

76746 0 0 1 0 0 0 0 0 

76836 0 0 0 0 0 0 1 0 

76927 0 0 1 0 0 0 0 0 

77017 0 0 0 0 0 0 1 0 

77052 1 1 0 0 0 0 0 0 

77053 0 0 0 0 1 0 0 0 

77107 0 0 1 0 0 0 0 0 

77196 1 77485 0 0 0 0 1 0 

77197 0 0 0 0 1 0 0 0 

77485 0 0 1 3 0 0 0 0 

77629 0 0 0 0 1 0 1 1 

77773 1 0 1 0 0 0 1 78062 

78062 0 0 0 0 1 3 0 0 

78206 1 1 1 0 0 0 0 0 

78350 1 0 0 0 1 0 1 0 

78638 0 0 0 0 1 3 0 0 

78783 1 0 1 0 0 0 0 0 

78928 0 0 0 0 0 0 1 0 

79072 0 0 0 0 1 3 0 0 

79216 0 0 1 3 0 0 0 0 

79360 0 0 0 0 1 0 1 1 

79505 1 0 1 0 0 0 1 79793 

79793 0 0 0 0 1 3 0 0 

79937 1 0 1 1 0 0 0 0 

80082 0 0 1 80370 1 0 1 0 

80370 0 0 0 0 1 3 0 0 

80514 1 1 0 0 0 0 1 0 

80658 1 81235 1 0 1 0 0 0 

80947 0 0 1 3 0 0 0 0 

81091 0 0 0 0 1 1 1 0 

81235 0 0 1 81812 1 0 1 0 

81524 0 0 0 0 1 3 0 0 

81668 1 0 0 0 0 0 1 1 

81812 1 0 0 0 1 82966 1 0 

82101 0 0 0 0 0 0 1 3 

82245 1 0 1 1 0 0 0 0 

82389 0 0 0 0 0 0 1 3 

82533 1 3 0 0 0 0 0 0 

82678 0 0 1 3 0 0 0 0 

82822 1 3 0 0 0 0 1 0 

82966 1 0 1 0 0 0 1 83543 

83255 0 0 0 0 1 3 0 0 

83399 1 0 1 1 0 0 0 0 

83543 1 0 1 0 1 84120 0 0 

83832 0 0 1 3 0 0 0 0 

83976 1 0 0 0 0 0 1 1 

84120 1 0 1 85274 0 0 1 0 

84408 0 0 0 0 1 3 0 0 

84553 1 1 0 0 0 0 1 0 

84697 0 0 0 0 1 3 0 0 

84841 1 1 0 0 0 0 1 0 

84985 0 0 0 0 1 3 0 0 

85130 1 0 0 0 0 0 1 1 

85274 1 1 0 0 1 2 1 0 

85562 0 0 0 0 1 1 1 0 

85707 1 1 1 0 0 0 0 0 

85995 0 0 1 0 0 0 1 3 

86139 1 3 0 0 1 0 0 0 

86428 1 89457 1 89457 0 0 1 89457 

