Time/End_time

34
0

466
3

755
3

1043
3

1332
3

1620
3

1908
3

2125
3

4072
0

4505
0

4937
1

5370
3

5658
0

6091
0

6524
3

6812
2

7101
3

7533
3

7822
1

8255
3

8543
0

8976
0

9553
0

9985
3

10274
0

10707
0

10851
11139

11427
0

12149
3

12726
3

13158
0

13447
1

14312
0

14745
3

15178
1

15610
1

16043
0

16332
1

16764
0

17197
17774

18062
3

18351
0

18928
3

19505
0

19793
0

20226
0

20514
0

20947
1

21235
3

21380
0

21812
0

22966
3

23399
1

23615
3

23832
3

24408
3

24697
3

24841
3

25274
0

25706
0

25922
3

26427
3

26716
3

27293
3

27581
0

28014
1

28447
3

28735
29024

29457
3

29889
0

30755
3

31043
0

31476
1

31908
3

32053
3

32341
0

32485
3

33207
0

33639
1

34072
0

34360
3

34937
3

35514
0

35947
0

36235
3

36524
0

37317
0

37606
0

37894
0

38183
0

38471
0

38759
0

39048
0

39553
0

39985
3

40274
0

41139
0

41716
3

42149
3

42437
0

43014
1

43591
0

43735
0

44168
0

44601
3

44889
46043

46332
3

47053
0

47197
48351

48639
3

48928
49505

49937
0

50226
3

50514
0

50947
3

51668
1

52245
1

52822
1

52966
0

53399
1

53832
3

54120
55274

55562
3

56283
0

56716
3

57293
3

57582
0

58014
1

58447
3

58735
3

59673
0

59889
0

60178
0

60322
1

60538
0

60683
0

60899
0

61043
0

61476
0

61908
3

62197
0

62485
3

62774
0

63207
1

63351
0

63783
1

64072
3

64360
1

64505
0

64937
0

65153
0

65298
0

65658
0

65947
0

66379
3

66668
0

67245
0

67677
3

67966
0

68398
0

68543
0

68831
3

69120
0

69408
3

69697
3

69985
3

70562
0

70851
0

71283
3

71860
0

72221
3

72509
3

72942
3

73231
3

73519
3

73735
0

74024
3

74601
3

74889
0

75178
3

75466
0

75755
3

76043
0

76386
0

76746
0

76927
0

77107
0

77485
3

77773
0

78206
0

78783
0

79216
3

79505
0

79937
1

80082
80370

80658
0

80947
3

81235
81812

82245
1

82678
3

82966
0

83399
1

83543
0

83832
3

84120
85274

85707
0

85995
0

86428
89457

