Time/End_time

34
0

394
3

683
3

971
3

1259
3

1548
3

1836
3

2197
2

4000
3

4216
4505

4793
3

5226
3

5514
3

5947
3

6235
0

6668
0

6812
0

7245
1

7678
3

7966
0

8399
0

8832
3

9120
0

9408
3

10130
0

10274
10562

10851
0

11283
0

11427
0

11860
3

12437
3

13014
3

13303
1

13735
0

14168
3

14457
1

14889
15466

15755
3

16043
0

16764
1

17197
3

17485
1

17918
1

18207
3

18783
3

19072
1

19505
19793

20226
1

20658
3

21091
0

21524
3

21812
3

22678
22966

23543
3

23687
3

24120
0

24553
0

24769
3

25274
0

25850
3

25994
3

26283
1

26572
0

27004
3

27437
0

27870
3

28303
3

28591
1

29024
3

29745
0

30322
1

30899
1

31332
3

31764
0

32053
0

32774
3

33062
3

33351
34072

34216
3

34649
0

35082
35514

35658
3

35947
1

36380
0

36668
3

36957
0

37245
1

37533
1

37822
1

38110
1

38399
1

38687
1

38976
3

39120
0

39553
3

39841
3

40130
0

40274
0

40707
0

40995
3

41428
0

41860
0

42437
1

42582
0

43014
0

43447
3

43735
44889

45322
1

46043
0

46476
0

46764
3

47053
1

47485
3

48207
1

48351
0

48928
0

49505
50082

50370
3

50658
0

51091
0

51380
3

51668
0

51812
52966

53255
3

53687
3

53976
0

54120
0

54553
0

54913
3

55058
3

55202
3

55707
1

55995
3

56283
0

56428
0

56860
0

57149
3

57437
0

57582
58735

59024
3

59457
0

59745
0

59889
0

60322
0

60610
3

61043
0

61332
0

61764
3

62053
1

62630
0

63062
3

63351
0

63639
3

63928
3

64216
3

64505
0

64793
3

64937
0

65225
3

65514
1

65658
0

66091
0

66523
3

66812
0

67100
3

67533
3

67822
1

67966
0

68254
3

68543
0

68975
1

69120
0

69553
69841

70130
3

70418
3

70707
3

71139
0

71428
72149

72293
3

72582
3

72798
3

73086
3

73447
3

73735
0

74456
3

74745
1

74889
0

75322
0

75466
0

75899
1

76043
0

76476
1

76656
0

77053
0

77197
0

77629
0

78062
3

78350
0

78638
3

79072
3

79360
0

79793
3

80082
0

80370
3

80658
0

81091
1

81235
0

81524
3

81812
82966

83255
3

83543
84120

84408
3

84697
3

84985
3

85274
2

85562
1

86139
0

