Time/End_time

322
3

610
3

899
3

1187
3

1476
3

1764
3

2053
3

3928
3

4072
1

4505
2

4937
0

5658
2

6091
1

6235
6524

6812
0

7822
0

7966
8255

8543
3

8976
1

9120
0

9553
0

10274
0

10707
1

11139
3

11427
0

11716
0

12005
0

12293
0

12582
0

12870
0

13158
0

13447
0

13735
3

14024
1

14601
3

15178
0

15610
0

15899
3

16332
0

16620
3

17053
3

17774
3

18351
0

18639
1

19216
0

19793
1

20082
3

20803
0

21308
0

21668
1

22966
0

23399
0

23976
1

24264
3

24553
1

25130
1

25562
3

26139
3

26427
26860

27149
1

27581
0

28014
0

28735
3

29168
1

29745
0

29889
0

30178
3

31043
0

31476
0

31692
0

32341
33207

33351
0

33639
0

33928
3

34072
1

34649
35082

35226
3

35514
0

35803
3

36091
3

36380
1

36957
0

37461
0

37750
0

38038
0

38327
0

38615
0

38904
0

39408
0

39697
3

40130
0

40562
3

40851
0

41139
0

41428
0

41860
1

42293
3

42582
43735

44024
3

44745
0

44889
0

45322
0

45683
3

45827
3

45971
3

46476
1

46908
3

47197
0

47630
1

47918
3

48351
48928

49360
1

49505
0

49937
1

50658
0

51091
0

51524
3

51812
0

52245
0

52678
3

52966
54120

54553
1

54985
3

55274
0

55707
1

56139
3

56428
57582

58014
0

58591
0

58880
0

59168
0

59529
0

59817
0

60178
3

60466
0

60755
3

61043
0

61476
61764

62197
63351

63783
0

64072
0

64505
0

64937
65225

65514
0

65947
3

66668
1

66812
0

67245
0

67822
0

67966
69120

69553
0

69841
3

70274
0

70851
0

71139
0

71428
1

72365
3

72654
3

72870
3

73158
3

73375
3

73663
3

74168
1

74601
74889

75322
75466

75899
76043

76187
0

76566
0

77052
1

77196
77485

77773
0

78206
1

78350
0

78783
0

79505
0

79937
0

80514
1

80658
81235

81668
0

81812
0

82245
0

82533
3

82822
3

82966
0

83399
0

83543
0

83976
0

84120
0

84553
1

84841
1

85130
0

85274
1

85707
1

86139
3

86428
89457

