Time/End_time

538
3

827
3

1115
3

1404
3

1692
3

1981
3

2197
4072

4505
0

5514
1

5658
5947

6235
2

6668
1

7245
0

7966
0

8399
1

8543
8832

9120
0

9841
3

10130
1

10562
3

10851
0

11283
1

11716
0

12005
0

12293
0

12582
0

12870
0

13303
0

13735
0

14024
0

14457
0

14889
0

15466
3

16043
0

16476
3

16908
0

17485
0

17918
0

18351
0

18639
0

19072
0

19360
3

19937
0

20370
0

20947
0

21380
1

21668
0

21812
22966

23255
3

23976
0

24120
24553

24985
3

25274
0

25706
1

26283
0

26572
1

26860
3

27149
0

27437
1

27582
0

28591
0

29168
0

29601
3

29889
0

30322
0

30610
3

30899
0

31043
31476

31620
3

31764
1

32341
0

32485
0

33207
0

33495
3

34000
0

34505
3

34793
3

35082
0

35370
3

35514
36380

36668
0

36957
0

37389
3

37678
3

37966
3

38255
3

38543
3

38832
3

39120
40130

40274
0

40707
0

40851
0

41428
42582

42870
3

43303
3

43591
1

44168
1

44457
3

44745
1

45178
3

45610
1

45755
3

45899
3

46043
47197

47630
0

48062
3

48351
0

48783
1

48928
0

49216
3

49505
0

49793
3

50082
3

50514
0

50658
51812

52101
3

52533
3

52966
0

53399
0

53976
1

54408
3

54841
1

55130
3

55274
56428

56860
0

57437
1

57582
0

57870
3

58303
3

58591
1

58880
0

59168
0

59601
0

59889
0

60322
60610

60899
1

61332
3

62053
0

62197
0

62630
1

62918
3

63207
0

63351
64505

64793
0

65082
0

65370
3

65658
0

66091
66379

66812
67966

68255
0

68687
0

69120
69553

69841
0

70274
1

70562
0

70995
3

71428
0

72149
3

72437
3

72726
3

73014
3

73303
3

73591
3

73735
74024

74168
74457

74745
0

74889
0

75033
75178

75466
0

75610
75755

75899
0

76043
0

76296
0

76476
0

76836
0

77017
0

77196
0

77629
1

77773
78062

78350
0

78928
0

79360
1

79505
79793

80082
0

80514
0

81091
0

81235
0

81668
1

81812
0

82101
3

82389
3

82822
0

82966
83543

83976
1

84120
0

84553
0

84841
0

85130
1

85274
0

85562
0

85995
3

86428
89457

