osu file format v12

[General]
AudioFilename: Flower Dance.mp3
AudioLeadIn: 0
PreviewTime: 45480
Countdown: 0
SampleSet: Soft
StackLeniency: 0.7
Mode: 3
LetterboxInBreaks: 0
SpecialStyle: 0
WidescreenStoryboard: 1

[Editor]
DistanceSpacing: 0.8
BeatDivisor: 4
GridSize: 8

[Metadata]
Title:Flower Dance
TitleUnicode:Flower Dance
Artist:DJ Okawari
ArtistUnicode:DJ Okawari
Creator:Luyuja
Version:Normal
Source:Kaleidoscope
Tags:shaoshengss
BeatmapID:284114
BeatmapSetID:108035

[Difficulty]
HPDrainRate:6
CircleSize:7
OverallDifficulty:7
ApproachRate:5
SliderMultiplier:1.4
SliderTickRate:1

[Events]
//Background and Video events
0,0,"bg.jpg",0,0
//Break Periods
//Storyboard Layer 0 (Background)
//Storyboard Layer 1 (Fail)
//Storyboard Layer 2 (Pass)
//Storyboard Layer 3 (Foreground)
//Storyboard Sound Samples
Sample,75180,0,"soft-hitclap3.wav",30
Sample,83280,0,"soft-hitwhistle3.wav",30
Sample,83580,0,"soft-hitclap3.wav",30
Sample,94380,0,"soft-hitclap3.wav",30
Sample,102480,0,"soft-hitwhistle3.wav",30
Sample,150780,0,"soft-hitclap3.wav",30
Sample,151380,0,"soft-hitwhistle3.wav",30
Sample,159180,0,"soft-hitclap3.wav",30
Sample,160080,0,"soft-hitwhistle3.wav",30
Sample,160380,0,"soft-hitclap3.wav",30
Sample,160680,0,"soft-hitwhistle3.wav",30
Sample,169980,0,"soft-hitclap3.wav",30
//Background Colour Transformations
3,100,163,162,255

[TimingPoints]
2944,763.358778625954,4,2,3,30,1,0
5980,731.707317073171,4,2,3,30,1,0
6680,731.707317073171,4,2,3,30,1,0
7794,731.707317073171,4,2,3,30,1,0
8891,754.716981132075,4,2,3,30,1,0
9288,745.341614906832,4,2,3,30,1,0
10408,750,4,2,3,30,1,0
11173,705.882352941176,4,2,3,30,1,0
11930,740.740740740741,4,2,3,30,1,0
13411,769.230769230769,4,2,3,30,1,0
14949,736.196319018405,4,2,3,30,1,0
16789,784.313725490196,4,2,3,30,1,0
17195,750,4,2,3,30,1,0
17949,740.740740740741,4,2,3,30,1,0
19430,764.331210191083,4,2,3,30,1,0
20958,731.707317073171,4,2,3,30,1,0
22787,786.369593709043,4,2,3,30,1,0
26580,600,4,2,3,30,1,0
45780,-100,4,2,3,30,0,1
64980,-100,4,2,3,30,0,0
103380,-100,4,2,3,30,0,1
122580,-100,4,2,3,30,0,0
141780,-100,4,2,3,15,0,0
151380,-100,4,2,3,30,0,0
201780,-100,4,2,3,30,0,1
240180,-100,4,2,3,30,0,0
242580,618.556701030928,4,2,3,30,1,0
247528,666.666666666667,4,2,3,30,1,0
252861,779.220779220779,4,2,3,30,1,0
255977,781.453503516541,4,2,3,30,1,0


[HitObjects]
36,192,2944,1,0,0:0:0:0:
182,192,3325,1,0,0:0:0:0:
256,192,3707,1,0,0:0:0:0:
329,192,4089,1,0,0:0:0:0:
402,192,4470,1,0,0:0:0:0:
109,192,5980,1,0,0:0:0:0:
256,192,6345,1,0,0:0:0:0:
329,192,6680,1,0,0:0:0:0:
402,192,7045,1,0,0:0:0:0:
475,192,7411,1,0,0:0:0:0:
182,192,8891,1,0,0:0:0:0:
256,192,9288,1,0,0:0:0:0:
329,192,9660,1,0,0:0:0:0:
402,192,10033,1,0,0:0:0:0:
475,192,10406,1,0,0:0:0:0:
36,192,14949,1,0,0:0:0:0:
109,192,15317,1,0,0:0:0:0:
182,192,15685,1,0,0:0:0:0:
256,192,16053,1,0,0:0:0:0:
329,192,16421,1,0,0:0:0:0:
36,192,17949,1,0,0:0:0:0:
182,192,18319,1,0,0:0:0:0:
256,192,18689,1,0,0:0:0:0:
329,192,19060,1,0,0:0:0:0:
475,192,19430,1,0,0:0:0:0:
109,192,20958,1,0,0:0:0:0:
182,192,21323,1,0,0:0:0:0:
329,192,21689,1,0,0:0:0:0:
402,192,22055,1,0,0:0:0:0:
475,192,22421,1,0,0:0:0:0:
109,192,23966,1,0,0:0:0:0:
182,192,24032,1,0,0:0:0:0:
329,192,24097,1,0,0:0:0:0:
402,192,24163,1,0,0:0:0:0:
402,192,26580,1,0,0:0:0:0:
182,192,26880,1,0,0:0:0:0:
36,192,27780,1,0,0:0:0:0:
182,192,28080,1,0,0:0:0:0:
329,192,28380,1,0,0:0:0:0:
109,192,28980,1,0,0:0:0:0:
256,192,29280,1,0,0:0:0:0:
402,192,29580,1,0,0:0:0:0:
256,192,29880,1,0,0:0:0:0:
182,192,30180,1,0,0:0:0:0:
329,192,30480,1,0,0:0:0:0:
475,192,30780,1,0,0:0:0:0:
329,192,31080,1,0,0:0:0:0:
36,192,31380,1,0,0:0:0:0:
182,192,31680,1,0,0:0:0:0:
329,192,31980,1,0,0:0:0:0:
182,192,32280,1,0,0:0:0:0:
109,192,32580,1,0,0:0:0:0:
256,192,32880,1,0,0:0:0:0:
402,192,33180,1,0,0:0:0:0:
256,192,33480,1,0,0:0:0:0:
329,192,33780,1,0,0:0:0:0:
36,192,34080,1,0,0:0:0:0:
182,192,34380,1,0,0:0:0:0:
256,192,34680,1,0,0:0:0:0:
329,192,34980,1,0,0:0:0:0:
36,192,35280,1,0,0:0:0:0:
256,192,35580,1,0,0:0:0:0:
402,192,35880,1,0,0:0:0:0:
475,192,36180,1,0,0:0:0:0:
109,192,36480,1,0,0:0:0:0:
109,192,37380,1,0,0:0:0:0:
182,192,37680,1,0,0:0:0:0:
329,192,37980,1,0,0:0:0:0:
36,192,38580,1,0,0:0:0:0:
109,192,38880,1,0,0:0:0:0:
256,192,39180,1,0,0:0:0:0:
109,192,39780,1,0,0:0:0:0:
182,192,40080,1,0,0:0:0:0:
475,192,40380,1,0,0:0:0:0:
402,192,40680,1,0,0:0:0:0:
109,192,40980,1,0,0:0:0:0:
256,192,41280,1,0,0:0:0:0:
402,192,41580,1,0,0:0:0:0:
182,192,42180,1,0,0:0:0:0:
329,192,42480,1,0,0:0:0:0:
475,192,42780,1,0,0:0:0:0:
36,192,43380,1,0,0:0:0:0:
182,192,43680,1,0,0:0:0:0:
329,192,43980,1,0,0:0:0:0:
402,192,44280,1,0,0:0:0:0:
475,192,44580,1,0,0:0:0:0:
36,192,45780,1,4,0:0:0:0:
475,192,45780,1,2,0:0:0:0:
182,192,46080,1,0,0:0:0:0:
329,192,46380,1,8,0:0:0:0:
402,192,46680,1,0,0:0:0:0:
329,192,46980,1,0,0:0:0:0:
256,192,47280,1,2,0:0:0:0:
182,192,47580,1,8,0:0:0:0:
36,192,48180,1,2,0:0:0:0:
256,192,48480,1,0,0:0:0:0:
329,192,48780,1,8,0:0:0:0:
402,192,49080,1,0,0:0:0:0:
109,192,49380,1,0,0:0:0:0:
256,192,49680,1,2,0:0:0:0:
402,192,49980,1,8,0:0:0:0:
36,192,50580,1,2,0:0:0:0:
475,192,50880,1,0,0:0:0:0:
402,192,51030,1,0,0:0:0:0:
329,192,51180,1,8,0:0:0:0:
256,192,51330,1,0,0:0:0:0:
182,192,51480,1,0,0:0:0:0:
109,192,51780,1,0,0:0:0:0:
475,192,52080,1,2,0:0:0:0:
402,192,52230,1,0,0:0:0:0:
329,192,52380,1,8,0:0:0:0:
256,192,52530,1,0,0:0:0:0:
182,192,52680,1,0,0:0:0:0:
36,192,52980,1,2,0:0:0:0:
109,192,53130,1,0,0:0:0:0:
182,192,53280,1,0,0:0:0:0:
256,192,53430,1,0,0:0:0:0:
109,192,53580,1,8,0:0:0:0:
182,192,53730,1,0,0:0:0:0:
256,192,53880,1,0,0:0:0:0:
329,192,54030,1,0,0:0:0:0:
36,192,54180,1,0,0:0:0:0:
109,192,54480,1,2,0:0:0:0:
182,192,54780,1,8,0:0:0:0:
109,192,55080,1,0,0:0:0:0:
36,192,55380,1,2,0:0:0:0:
256,192,55680,1,0,0:0:0:0:
256,192,55830,1,0,0:0:0:0:
329,192,55980,1,8,0:0:0:0:
402,192,56280,1,0,0:0:0:0:
109,192,56580,1,0,0:0:0:0:
475,192,56880,1,2,0:0:0:0:
402,192,57180,1,8,0:0:0:0:
256,192,57480,1,0,0:0:0:0:
36,192,57780,1,2,0:0:0:0:
256,192,58080,1,0,0:0:0:0:
256,192,58230,1,0,0:0:0:0:
109,192,58380,1,8,0:0:0:0:
256,192,58680,1,0,0:0:0:0:
36,192,58980,1,0,0:0:0:0:
256,192,59280,1,2,0:0:0:0:
475,192,59580,1,8,0:0:0:0:
329,192,59880,1,0,0:0:0:0:
36,192,60180,1,2,0:0:0:0:
182,192,60480,1,0,0:0:0:0:
329,192,60780,1,8,0:0:0:0:
182,192,61080,1,0,0:0:0:0:
109,192,61380,1,0,0:0:0:0:
329,192,61680,1,2,0:0:0:0:
475,192,61980,1,8,0:0:0:0:
256,192,62280,1,0,0:0:0:0:
109,192,62580,1,2,0:0:0:0:
329,192,62580,1,0,0:0:0:0:
475,192,62880,1,0,0:0:0:0:
36,192,63180,1,0,0:0:0:0:
329,192,63180,1,8,0:0:0:0:
475,192,63480,1,0,0:0:0:0:
109,192,63780,1,0,0:0:0:0:
329,192,63780,1,0,0:0:0:0:
256,192,64080,1,2,0:0:0:0:
329,192,64380,1,8,0:0:0:0:
36,192,64980,1,2,0:0:0:0:
256,192,64980,1,0,0:0:0:0:
109,192,65280,1,0,0:0:0:0:
182,192,65580,1,8,0:0:0:0:
182,192,66180,1,0,0:0:0:0:
329,192,66480,1,2,0:0:0:0:
475,192,66780,1,8,0:0:0:0:
109,192,67380,1,2,0:0:0:0:
256,192,67680,1,0,0:0:0:0:
402,192,67980,1,8,0:0:0:0:
256,192,68280,1,0,0:0:0:0:
182,192,68580,1,0,0:0:0:0:
329,192,68880,1,2,0:0:0:0:
475,192,69180,1,8,0:0:0:0:
329,192,69480,1,0,0:0:0:0:
109,192,69780,1,2,0:0:0:0:
256,192,70080,1,0,0:0:0:0:
475,192,70380,1,8,0:0:0:0:
256,192,70680,1,0,0:0:0:0:
109,192,70980,1,0,0:0:0:0:
329,192,71280,1,2,0:0:0:0:
475,192,71580,1,8,0:0:0:0:
329,192,71880,1,0,0:0:0:0:
36,192,72180,1,2,0:0:0:0:
109,192,72480,1,0,0:0:0:0:
182,192,72780,1,8,0:0:0:0:
256,192,73080,1,0,0:0:0:0:
402,192,73380,1,0,0:0:0:0:
109,192,73680,1,2,0:0:0:0:
256,192,73980,1,8,0:0:0:0:
475,192,74280,1,0,0:0:0:0:
475,192,74580,1,0,0:0:0:0:
109,192,74580,1,2,0:0:0:0:
182,192,74880,1,0,0:0:0:0:
402,192,75180,1,0,0:0:0:0:
182,192,75780,1,0,0:0:0:0:
109,192,76080,1,2,0:0:0:0:
329,192,76380,1,8,0:0:0:0:
36,192,76980,1,2,0:0:0:0:
329,192,76980,1,0,0:0:0:0:
402,192,77280,1,0,0:0:0:0:
182,192,77580,1,8,0:0:0:0:
475,192,77580,1,0,0:0:0:0:
329,192,77880,1,0,0:0:0:0:
36,192,78180,1,0,0:0:0:0:
109,192,78480,1,2,0:0:0:0:
475,192,78780,1,8,0:0:0:0:
402,192,79080,1,0,0:0:0:0:
36,192,79380,1,2,0:0:0:0:
182,192,79680,1,0,0:0:0:0:
329,192,79980,1,8,0:0:0:0:
256,192,80580,1,0,0:0:0:0:
109,192,80880,1,2,0:0:0:0:
329,192,81180,1,8,0:0:0:0:
109,192,81780,1,2,0:0:0:0:
36,192,82080,1,0,0:0:0:0:
182,192,82380,1,8,0:0:0:0:
329,192,82680,1,0,0:0:0:0:
475,192,82980,1,0,0:0:0:0:
109,192,84180,1,2,0:0:0:0:
256,192,84480,1,0,0:0:0:0:
402,192,84780,1,8,0:0:0:0:
182,192,85380,1,0,0:0:0:0:
36,192,85680,1,2,0:0:0:0:
402,192,85980,1,8,0:0:0:0:
36,192,86580,1,2,0:0:0:0:
182,192,86880,1,0,0:0:0:0:
329,192,87180,1,8,0:0:0:0:
182,192,87480,1,0,0:0:0:0:
109,192,87780,1,0,0:0:0:0:
256,192,88080,1,2,0:0:0:0:
402,192,88380,1,8,0:0:0:0:
256,192,88680,1,0,0:0:0:0:
36,192,88980,1,2,0:0:0:0:
182,192,89280,1,0,0:0:0:0:
329,192,89580,1,8,0:0:0:0:
182,192,89880,1,0,0:0:0:0:
182,192,90180,1,0,0:0:0:0:
329,192,90480,1,2,0:0:0:0:
475,192,90780,1,8,0:0:0:0:
329,192,91080,1,0,0:0:0:0:
36,192,91380,1,2,0:0:0:0:
182,192,91680,1,0,0:0:0:0:
256,192,91980,1,8,0:0:0:0:
329,192,92280,1,0,0:0:0:0:
475,192,92580,1,0,0:0:0:0:
256,192,92880,1,2,0:0:0:0:
329,192,93180,1,8,0:0:0:0:
475,192,93480,1,0,0:0:0:0:
402,192,93780,1,2,0:0:0:0:
109,192,94080,1,0,0:0:0:0:
402,192,94380,1,0,0:0:0:0:
109,192,94980,1,0,0:0:0:0:
256,192,95280,1,2,0:0:0:0:
475,192,95580,1,8,0:0:0:0:
109,192,96180,1,2,0:0:0:0:
256,192,96480,1,0,0:0:0:0:
402,192,96780,1,8,0:0:0:0:
109,192,97380,1,0,0:0:0:0:
256,192,97680,1,2,0:0:0:0:
475,192,97980,1,8,0:0:0:0:
402,192,98280,1,0,0:0:0:0:
36,192,98580,1,2,0:0:0:0:
329,192,98580,1,0,0:0:0:0:
109,192,98880,1,0,0:0:0:0:
182,192,99180,1,0,0:0:0:0:
109,192,99780,1,0,0:0:0:0:
36,192,100080,1,0,0:0:0:0:
182,192,100380,1,0,0:0:0:0:
36,192,100980,1,0,0:0:0:0:
109,192,101280,1,0,0:0:0:0:
256,192,101580,1,0,0:0:0:0:
402,192,101880,1,0,0:0:0:0:
475,192,102180,1,0,0:0:0:0:
109,192,103380,1,0,0:0:0:0:
256,192,103680,1,0,0:0:0:0:
402,192,103980,1,8,0:0:0:0:
329,192,104280,1,0,0:0:0:0:
475,192,104580,1,0,0:0:0:0:
329,192,104880,1,2,0:0:0:0:
182,192,105180,1,8,0:0:0:0:
36,192,105780,1,2,0:0:0:0:
256,192,106080,1,0,0:0:0:0:
402,192,106380,1,8,0:0:0:0:
329,192,106680,1,0,0:0:0:0:
36,192,106980,1,0,0:0:0:0:
256,192,106980,1,0,0:0:0:0:
109,192,107280,1,2,0:0:0:0:
329,192,107280,1,0,0:0:0:0:
182,192,107580,1,8,0:0:0:0:
402,192,107580,1,0,0:0:0:0:
109,192,108180,1,2,0:0:0:0:
402,192,108480,1,0,0:0:0:0:
329,192,108630,1,0,0:0:0:0:
256,192,108780,1,8,0:0:0:0:
182,192,108930,1,0,0:0:0:0:
109,192,109080,1,0,0:0:0:0:
36,192,109380,1,0,0:0:0:0:
475,192,109680,1,2,0:0:0:0:
402,192,109830,1,0,0:0:0:0:
329,192,109980,1,8,0:0:0:0:
256,192,110130,1,0,0:0:0:0:
182,192,110280,1,0,0:0:0:0:
36,192,110580,1,2,0:0:0:0:
109,192,110730,1,0,0:0:0:0:
182,192,110880,1,0,0:0:0:0:
256,192,111030,1,0,0:0:0:0:
475,192,111180,1,8,0:0:0:0:
402,192,111330,1,0,0:0:0:0:
329,192,111480,1,0,0:0:0:0:
256,192,111630,1,0,0:0:0:0:
182,192,111780,1,0,0:0:0:0:
36,192,111780,1,0,0:0:0:0:
256,192,112080,1,2,0:0:0:0:
109,192,112080,1,0,0:0:0:0:
329,192,112380,1,8,0:0:0:0:
182,192,112380,1,0,0:0:0:0:
36,192,112980,1,2,0:0:0:0:
256,192,113280,1,0,0:0:0:0:
256,192,113430,1,0,0:0:0:0:
329,192,113580,1,8,0:0:0:0:
402,192,113880,1,0,0:0:0:0:
475,192,114180,1,0,0:0:0:0:
329,192,114480,1,2,0:0:0:0:
182,192,114780,1,8,0:0:0:0:
109,192,115080,1,0,0:0:0:0:
36,192,115380,1,2,0:0:0:0:
182,192,115680,1,0,0:0:0:0:
182,192,115830,1,0,0:0:0:0:
329,192,115980,1,8,0:0:0:0:
402,192,116280,1,0,0:0:0:0:
329,192,116580,1,0,0:0:0:0:
182,192,116880,1,2,0:0:0:0:
36,192,117180,1,8,0:0:0:0:
109,192,117480,1,0,0:0:0:0:
36,192,117780,1,2,0:0:0:0:
182,192,118080,1,0,0:0:0:0:
402,192,118380,1,8,0:0:0:0:
329,192,118680,1,0,0:0:0:0:
109,192,118980,1,0,0:0:0:0:
256,192,119280,1,2,0:0:0:0:
475,192,119580,1,8,0:0:0:0:
402,192,119880,1,0,0:0:0:0:
182,192,120180,1,2,0:0:0:0:
329,192,120180,1,0,0:0:0:0:
475,192,120480,1,0,0:0:0:0:
109,192,120780,1,8,0:0:0:0:
256,192,120780,1,0,0:0:0:0:
475,192,121080,1,0,0:0:0:0:
36,192,121380,1,0,0:0:0:0:
182,192,121380,1,0,0:0:0:0:
109,192,121680,1,2,0:0:0:0:
182,192,121980,1,8,0:0:0:0:
402,192,122580,128,0,122880:0:0:0:0:
402,192,123180,128,0,123480:0:0:0:0:
475,192,123780,128,0,124080:0:0:0:0:
256,192,124380,128,0,124680:0:0:0:0:
475,192,124980,128,0,125280:0:0:0:0:
256,192,125580,128,0,125880:0:0:0:0:
36,192,126180,128,0,126480:0:0:0:0:
256,192,126780,128,0,127080:0:0:0:0:
402,192,127380,128,0,127680:0:0:0:0:
402,192,127980,128,0,128280:0:0:0:0:
329,192,128580,128,0,128880:0:0:0:0:
256,192,129180,128,0,129480:0:0:0:0:
475,192,129780,128,0,130080:0:0:0:0:
256,192,130380,128,0,130680:0:0:0:0:
402,192,130980,128,0,131280:0:0:0:0:
256,192,131580,128,0,131880:0:0:0:0:
402,192,132180,128,0,132480:0:0:0:0:
402,192,132780,128,0,133080:0:0:0:0:
329,192,133380,128,0,133680:0:0:0:0:
182,192,133980,128,0,134280:0:0:0:0:
329,192,134580,128,0,134880:0:0:0:0:
182,192,135180,128,0,135480:0:0:0:0:
402,192,135780,128,0,136080:0:0:0:0:
182,192,136380,128,0,136680:0:0:0:0:
402,192,136980,128,0,137280:0:0:0:0:
402,192,137580,128,0,137880:0:0:0:0:
256,192,138180,128,0,138480:0:0:0:0:
109,192,138780,128,0,139080:0:0:0:0:
36,192,139380,1,0,0:0:0:0:
109,192,139680,1,0,0:0:0:0:
256,192,139980,1,0,0:0:0:0:
329,192,140280,1,0,0:0:0:0:
475,192,140580,1,0,0:0:0:0:
182,192,140880,1,0,0:0:0:0:
256,192,141180,1,0,0:0:0:0:
329,192,141480,1,0,0:0:0:0:
36,192,141780,128,2,142080:0:0:0:0:
182,192,142080,128,0,142380:0:0:0:0:
329,192,142380,128,8,142680:0:0:0:0:
182,192,142680,128,0,142980:0:0:0:0:
109,192,142980,128,0,143280:0:0:0:0:
256,192,143280,128,2,143580:0:0:0:0:
402,192,143580,128,8,143880:0:0:0:0:
256,192,143880,128,0,144180:0:0:0:0:
182,192,144180,128,2,144480:0:0:0:0:
329,192,144480,128,0,144780:0:0:0:0:
475,192,144780,128,8,145080:0:0:0:0:
402,192,145080,128,0,145380:0:0:0:0:
109,192,145380,128,0,145980:0:0:0:0:
256,192,145980,128,8,146580:0:0:0:0:
36,192,146580,128,2,146880:0:0:0:0:
182,192,146880,128,0,147180:0:0:0:0:
329,192,147180,128,8,147480:0:0:0:0:
182,192,147480,128,0,147780:0:0:0:0:
109,192,147780,128,0,148080:0:0:0:0:
256,192,148080,128,2,148380:0:0:0:0:
402,192,148380,128,8,148680:0:0:0:0:
256,192,148680,128,0,148980:0:0:0:0:
182,192,148980,128,2,149280:0:0:0:0:
329,192,149280,128,0,149580:0:0:0:0:
402,192,149580,128,8,149880:0:0:0:0:
475,192,149880,128,0,150180:0:0:0:0:
402,192,150180,128,0,150480:0:0:0:0:
329,192,150480,128,2,151080:0:0:0:0:
36,192,151080,128,0,151680:0:0:0:0:
109,192,151680,128,0,151980:0:0:0:0:
256,192,151980,128,8,152280:0:0:0:0:
109,192,152280,128,0,152580:0:0:0:0:
182,192,152580,128,0,152880:0:0:0:0:
256,192,152880,128,2,153180:0:0:0:0:
402,192,153180,128,8,153480:0:0:0:0:
256,192,153480,128,0,153780:0:0:0:0:
182,192,153780,128,2,154080:0:0:0:0:
256,192,154080,128,0,154380:0:0:0:0:
475,192,154380,128,8,154680:0:0:0:0:
256,192,154680,128,0,154980:0:0:0:0:
402,192,154980,128,0,155280:0:0:0:0:
329,192,155280,128,2,155580:0:0:0:0:
256,192,155580,128,8,155880:0:0:0:0:
182,192,155880,128,0,156180:0:0:0:0:
36,192,156180,128,2,156480:0:0:0:0:
182,192,156480,128,0,156780:0:0:0:0:
256,192,156780,128,8,157080:0:0:0:0:
182,192,157080,128,0,157380:0:0:0:0:
109,192,157380,128,0,157680:0:0:0:0:
256,192,157680,128,2,157980:0:0:0:0:
329,192,157980,128,8,158280:0:0:0:0:
256,192,158280,128,0,158580:0:0:0:0:
109,192,158580,128,2,160980:0:0:0:0:
402,192,159780,128,0,160980:0:0:0:0:
329,192,160980,1,2,0:0:0:0:
182,192,161280,1,0,0:0:0:0:
256,192,161430,1,0,0:0:0:0:
329,192,161580,1,8,0:0:0:0:
182,192,161880,1,0,0:0:0:0:
256,192,162030,1,0,0:0:0:0:
402,192,162180,1,0,0:0:0:0:
182,192,162480,1,2,0:0:0:0:
256,192,162630,1,0,0:0:0:0:
402,192,162780,1,8,0:0:0:0:
402,192,163080,1,0,0:0:0:0:
329,192,163230,1,0,0:0:0:0:
256,192,163380,1,2,0:0:0:0:
475,192,163680,1,0,0:0:0:0:
329,192,163980,1,8,0:0:0:0:
182,192,164280,1,0,0:0:0:0:
256,192,164580,1,0,0:0:0:0:
182,192,164880,1,2,0:0:0:0:
36,192,165180,1,8,0:0:0:0:
182,192,165480,1,0,0:0:0:0:
329,192,165780,1,2,0:0:0:0:
182,192,166080,1,0,0:0:0:0:
256,192,166230,1,0,0:0:0:0:
329,192,166380,1,8,0:0:0:0:
182,192,166680,1,0,0:0:0:0:
256,192,166830,1,0,0:0:0:0:
402,192,166980,1,0,0:0:0:0:
256,192,167280,1,2,0:0:0:0:
329,192,167430,1,0,0:0:0:0:
402,192,167580,1,8,0:0:0:0:
475,192,167880,1,0,0:0:0:0:
402,192,168030,1,0,0:0:0:0:
329,192,168180,1,2,0:0:0:0:
182,192,168480,1,0,0:0:0:0:
329,192,168780,1,8,0:0:0:0:
402,192,169080,1,0,0:0:0:0:
329,192,169380,1,0,0:0:0:0:
182,192,169680,1,2,0:0:0:0:
402,192,170280,1,0,0:0:0:0:
402,192,170580,1,2,0:0:0:0:
256,192,170880,1,0,0:0:0:0:
329,192,171030,1,0,0:0:0:0:
402,192,171180,1,8,0:0:0:0:
256,192,171480,1,0,0:0:0:0:
329,192,171630,1,0,0:0:0:0:
402,192,171780,1,0,0:0:0:0:
329,192,172080,1,2,0:0:0:0:
402,192,172230,1,0,0:0:0:0:
475,192,172380,1,8,0:0:0:0:
475,192,172680,1,0,0:0:0:0:
402,192,172830,1,0,0:0:0:0:
329,192,172980,1,2,0:0:0:0:
475,192,173280,1,0,0:0:0:0:
329,192,173580,1,8,0:0:0:0:
182,192,173880,1,0,0:0:0:0:
256,192,174180,1,0,0:0:0:0:
182,192,174480,1,2,0:0:0:0:
36,192,174780,1,8,0:0:0:0:
182,192,175080,1,0,0:0:0:0:
256,192,175380,1,2,0:0:0:0:
109,192,175680,1,0,0:0:0:0:
256,192,175980,1,8,0:0:0:0:
109,192,176280,1,0,0:0:0:0:
182,192,176430,1,0,0:0:0:0:
329,192,176580,1,0,0:0:0:0:
182,192,176880,1,2,0:0:0:0:
256,192,177030,1,0,0:0:0:0:
329,192,177180,1,8,0:0:0:0:
402,192,177480,1,0,0:0:0:0:
329,192,177630,1,0,0:0:0:0:
256,192,177780,1,2,0:0:0:0:
109,192,177930,1,0,0:0:0:0:
36,192,178080,1,0,0:0:0:0:
109,192,178230,1,0,0:0:0:0:
182,192,178380,1,8,0:0:0:0:
256,192,178530,1,0,0:0:0:0:
329,192,178680,1,0,0:0:0:0:
402,192,178830,1,0,0:0:0:0:
475,192,178980,1,0,0:0:0:0:
182,192,179280,1,2,0:0:0:0:
36,192,179280,1,0,0:0:0:0:
329,192,179430,1,0,0:0:0:0:
475,192,179580,1,8,0:0:0:0:
402,192,180180,1,2,0:0:0:0:
109,192,180480,1,0,0:0:0:0:
256,192,180630,1,0,0:0:0:0:
402,192,180780,1,8,0:0:0:0:
109,192,181080,1,0,0:0:0:0:
256,192,181230,1,0,0:0:0:0:
475,192,181380,1,0,0:0:0:0:
182,192,181680,1,2,0:0:0:0:
329,192,181830,1,0,0:0:0:0:
475,192,181980,1,8,0:0:0:0:
475,192,182280,1,0,0:0:0:0:
329,192,182430,1,0,0:0:0:0:
182,192,182580,1,2,0:0:0:0:
402,192,182880,1,0,0:0:0:0:
329,192,183180,1,8,0:0:0:0:
182,192,183480,1,0,0:0:0:0:
256,192,183780,1,0,0:0:0:0:
182,192,184080,1,2,0:0:0:0:
36,192,184380,1,8,0:0:0:0:
182,192,184680,1,0,0:0:0:0:
256,192,184980,1,2,0:0:0:0:
36,192,185280,1,0,0:0:0:0:
109,192,185430,1,0,0:0:0:0:
256,192,185580,1,8,0:0:0:0:
36,192,185880,1,0,0:0:0:0:
182,192,186030,1,0,0:0:0:0:
329,192,186180,1,0,0:0:0:0:
36,192,186480,1,2,0:0:0:0:
182,192,186630,1,0,0:0:0:0:
329,192,186780,1,8,0:0:0:0:
402,192,187080,1,0,0:0:0:0:
329,192,187230,1,0,0:0:0:0:
256,192,187380,1,2,0:0:0:0:
36,192,187380,1,0,0:0:0:0:
109,192,187680,1,0,0:0:0:0:
329,192,187680,1,0,0:0:0:0:
182,192,187980,1,0,0:0:0:0:
402,192,187980,1,8,0:0:0:0:
329,192,188280,1,0,0:0:0:0:
475,192,188280,1,0,0:0:0:0:
329,192,188580,1,0,0:0:0:0:
475,192,188580,1,0,0:0:0:0:
329,192,188880,1,2,0:0:0:0:
475,192,188880,1,0,0:0:0:0:
329,192,189180,1,0,0:0:0:0:
475,192,189180,1,8,0:0:0:0:
402,192,189480,1,0,0:0:0:0:
475,192,189480,1,0,0:0:0:0:
402,192,189780,1,2,0:0:0:0:
36,192,190080,1,0,0:0:0:0:
182,192,190230,1,0,0:0:0:0:
329,192,190380,1,8,0:0:0:0:
182,192,190680,1,0,0:0:0:0:
329,192,190830,1,0,0:0:0:0:
475,192,190980,1,0,0:0:0:0:
256,192,191280,1,2,0:0:0:0:
402,192,191430,1,0,0:0:0:0:
475,192,191580,1,8,0:0:0:0:
475,192,191880,1,0,0:0:0:0:
402,192,192030,1,0,0:0:0:0:
329,192,192180,1,0,0:0:0:0:
36,192,192180,1,2,0:0:0:0:
182,192,192480,1,0,0:0:0:0:
475,192,192480,1,0,0:0:0:0:
402,192,192780,1,0,0:0:0:0:
109,192,192780,1,8,0:0:0:0:
329,192,193080,1,0,0:0:0:0:
36,192,193080,1,0,0:0:0:0:
475,192,193380,1,0,0:0:0:0:
182,192,193380,1,0,0:0:0:0:
402,192,193680,1,0,0:0:0:0:
109,192,193680,1,2,0:0:0:0:
36,192,193980,1,0,0:0:0:0:
329,192,193980,1,8,0:0:0:0:
109,192,194280,1,0,0:0:0:0:
402,192,194280,1,0,0:0:0:0:
475,192,194580,1,0,0:0:0:0:
182,192,194580,1,2,0:0:0:0:
36,192,194880,1,0,0:0:0:0:
182,192,195030,1,0,0:0:0:0:
329,192,195180,1,8,0:0:0:0:
109,192,195480,1,0,0:0:0:0:
256,192,195630,1,0,0:0:0:0:
402,192,195780,1,0,0:0:0:0:
109,192,195930,1,0,0:0:0:0:
256,192,196080,1,2,0:0:0:0:
402,192,196230,1,0,0:0:0:0:
475,192,196380,1,8,0:0:0:0:
182,192,196530,1,0,0:0:0:0:
475,192,196680,1,0,0:0:0:0:
329,192,196830,1,0,0:0:0:0:
256,192,196980,1,2,0:0:0:0:
36,192,197130,1,0,0:0:0:0:
109,192,197280,1,0,0:0:0:0:
182,192,197430,1,0,0:0:0:0:
256,192,197580,1,8,0:0:0:0:
109,192,197730,1,0,0:0:0:0:
182,192,197880,1,0,0:0:0:0:
256,192,198030,1,0,0:0:0:0:
329,192,198180,1,0,0:0:0:0:
182,192,198330,1,0,0:0:0:0:
256,192,198480,1,2,0:0:0:0:
329,192,198630,1,0,0:0:0:0:
402,192,198780,1,8,0:0:0:0:
36,192,198780,1,0,0:0:0:0:
109,192,198830,1,0,0:0:0:0:
182,192,198880,1,0,0:0:0:0:
182,192,200730,1,0,0:0:0:0:
329,192,200880,1,2,0:0:0:0:
475,192,201030,1,0,0:0:0:0:
402,192,201180,1,8,0:0:0:0:
329,192,201330,1,0,0:0:0:0:
402,192,201480,1,2,0:0:0:0:
256,192,201630,1,0,0:0:0:0:
402,192,201780,1,2,0:0:0:0:
36,192,201780,1,0,0:0:0:0:
109,192,202080,1,0,0:0:0:0:
402,192,202380,1,8,0:0:0:0:
475,192,202680,1,0,0:0:0:0:
402,192,202980,1,0,0:0:0:0:
329,192,203280,1,2,0:0:0:0:
256,192,203580,1,8,0:0:0:0:
109,192,203880,1,0,0:0:0:0:
256,192,204030,1,0,0:0:0:0:
329,192,204180,1,0,0:0:0:0:
36,192,204180,1,2,0:0:0:0:
256,192,204480,1,0,0:0:0:0:
329,192,204780,1,8,0:0:0:0:
475,192,205080,1,0,0:0:0:0:
256,192,205380,1,0,0:0:0:0:
182,192,205680,1,2,0:0:0:0:
109,192,205980,1,8,0:0:0:0:
109,192,206280,1,0,0:0:0:0:
256,192,206430,1,0,0:0:0:0:
109,192,206580,1,0,0:0:0:0:
402,192,206580,1,2,0:0:0:0:
329,192,206880,1,0,0:0:0:0:
256,192,207180,1,8,0:0:0:0:
402,192,207480,1,0,0:0:0:0:
329,192,207780,1,0,0:0:0:0:
256,192,208080,1,2,0:0:0:0:
182,192,208380,1,8,0:0:0:0:
329,192,208680,1,0,0:0:0:0:
256,192,208980,1,2,0:0:0:0:
182,192,209280,1,0,0:0:0:0:
109,192,209580,1,8,0:0:0:0:
36,192,209880,1,0,0:0:0:0:
109,192,210180,1,0,0:0:0:0:
329,192,210180,1,0,0:0:0:0:
182,192,210480,1,2,0:0:0:0:
402,192,210480,1,0,0:0:0:0:
256,192,210780,1,8,0:0:0:0:
475,192,210780,1,0,0:0:0:0:
329,192,211380,1,2,0:0:0:0:
256,192,211680,1,0,0:0:0:0:
256,192,211830,1,0,0:0:0:0:
329,192,211980,1,8,0:0:0:0:
402,192,212280,1,0,0:0:0:0:
329,192,212580,1,0,0:0:0:0:
256,192,212880,1,2,0:0:0:0:
182,192,213180,1,8,0:0:0:0:
36,192,213480,1,0,0:0:0:0:
182,192,213630,1,0,0:0:0:0:
256,192,213780,1,2,0:0:0:0:
182,192,214080,1,0,0:0:0:0:
182,192,214230,1,0,0:0:0:0:
256,192,214380,1,8,0:0:0:0:
402,192,214680,1,0,0:0:0:0:
182,192,214980,1,0,0:0:0:0:
109,192,215280,1,2,0:0:0:0:
36,192,215580,1,8,0:0:0:0:
36,192,215880,1,0,0:0:0:0:
182,192,216030,1,0,0:0:0:0:
109,192,216180,1,2,0:0:0:0:
475,192,216480,1,0,0:0:0:0:
402,192,216630,1,0,0:0:0:0:
329,192,216780,1,8,0:0:0:0:
256,192,216930,1,0,0:0:0:0:
182,192,217080,1,0,0:0:0:0:
329,192,217380,1,0,0:0:0:0:
182,192,217530,1,0,0:0:0:0:
182,192,217680,1,2,0:0:0:0:
329,192,217830,1,0,0:0:0:0:
402,192,217980,1,8,0:0:0:0:
329,192,218130,1,0,0:0:0:0:
256,192,218280,1,0,0:0:0:0:
182,192,218430,1,0,0:0:0:0:
109,192,218580,1,2,0:0:0:0:
329,192,218580,1,0,0:0:0:0:
256,192,218880,1,0,0:0:0:0:
475,192,218880,1,0,0:0:0:0:
36,192,219180,1,0,0:0:0:0:
182,192,219180,1,8,0:0:0:0:
329,192,219480,1,0,0:0:0:0:
475,192,219480,1,0,0:0:0:0:
256,192,219780,1,0,0:0:0:0:
109,192,219780,1,0,0:0:0:0:
36,192,220080,1,2,0:0:0:0:
182,192,220380,1,8,0:0:0:0:
329,192,220380,1,0,0:0:0:0:
402,192,220980,1,0,0:0:0:0:
36,192,220980,1,2,0:0:0:0:
329,192,221280,1,0,0:0:0:0:
402,192,221580,1,8,0:0:0:0:
475,192,221880,1,0,0:0:0:0:
329,192,222180,1,0,0:0:0:0:
475,192,222480,1,2,0:0:0:0:
182,192,222780,1,8,0:0:0:0:
36,192,223080,1,0,0:0:0:0:
182,192,223230,1,0,0:0:0:0:
256,192,223380,1,2,0:0:0:0:
182,192,223680,1,0,0:0:0:0:
329,192,223980,1,8,0:0:0:0:
402,192,224280,1,0,0:0:0:0:
182,192,224580,1,0,0:0:0:0:
109,192,224880,1,2,0:0:0:0:
36,192,225180,1,8,0:0:0:0:
36,192,225480,1,0,0:0:0:0:
182,192,225630,1,0,0:0:0:0:
329,192,225780,1,0,0:0:0:0:
109,192,225780,1,2,0:0:0:0:
475,192,226080,1,0,0:0:0:0:
402,192,226230,1,0,0:0:0:0:
329,192,226380,1,8,0:0:0:0:
256,192,226530,1,0,0:0:0:0:
182,192,226680,1,0,0:0:0:0:
36,192,226980,1,0,0:0:0:0:
402,192,227280,1,2,0:0:0:0:
329,192,227430,1,0,0:0:0:0:
256,192,227580,1,8,0:0:0:0:
182,192,227730,1,0,0:0:0:0:
109,192,227880,1,0,0:0:0:0:
36,192,228180,1,2,0:0:0:0:
475,192,228480,1,0,0:0:0:0:
402,192,228630,1,0,0:0:0:0:
329,192,228780,1,8,0:0:0:0:
256,192,228930,1,0,0:0:0:0:
182,192,229080,1,0,0:0:0:0:
109,192,229230,1,0,0:0:0:0:
402,192,229380,1,0,0:0:0:0:
329,192,229530,1,0,0:0:0:0:
256,192,229680,1,2,0:0:0:0:
182,192,229830,1,0,0:0:0:0:
329,192,229980,1,8,0:0:0:0:
256,192,230130,1,0,0:0:0:0:
109,192,230280,1,0,0:0:0:0:
36,192,230430,1,0,0:0:0:0:
402,192,230580,1,2,0:0:0:0:
329,192,230880,1,0,0:0:0:0:
402,192,231180,1,8,0:0:0:0:
475,192,231480,1,0,0:0:0:0:
329,192,231780,1,0,0:0:0:0:
256,192,232080,1,2,0:0:0:0:
182,192,232380,1,8,0:0:0:0:
36,192,232680,1,0,0:0:0:0:
182,192,232830,1,0,0:0:0:0:
256,192,232980,1,2,0:0:0:0:
182,192,233280,1,0,0:0:0:0:
256,192,233580,1,8,0:0:0:0:
402,192,233880,1,0,0:0:0:0:
182,192,234180,1,0,0:0:0:0:
109,192,234480,1,2,0:0:0:0:
36,192,234780,1,8,0:0:0:0:
36,192,235080,1,0,0:0:0:0:
182,192,235230,1,0,0:0:0:0:
109,192,235380,1,2,0:0:0:0:
402,192,235380,1,0,0:0:0:0:
329,192,235680,1,0,0:0:0:0:
256,192,235830,1,0,0:0:0:0:
182,192,235980,1,8,0:0:0:0:
109,192,236130,1,0,0:0:0:0:
36,192,236280,1,0,0:0:0:0:
475,192,236580,1,0,0:0:0:0:
36,192,236730,1,0,0:0:0:0:
36,192,236880,1,2,0:0:0:0:
475,192,237030,1,0,0:0:0:0:
402,192,237180,1,8,0:0:0:0:
329,192,237330,1,0,0:0:0:0:
256,192,237480,1,0,0:0:0:0:
182,192,237630,1,0,0:0:0:0:
109,192,237780,1,2,0:0:0:0:
36,192,237780,1,0,0:0:0:0:
402,192,238080,1,0,0:0:0:0:
475,192,238080,1,0,0:0:0:0:
109,192,238380,1,0,0:0:0:0:
182,192,238380,1,8,0:0:0:0:
329,192,238680,1,0,0:0:0:0:
402,192,238680,1,0,0:0:0:0:
109,192,238980,1,0,0:0:0:0:
256,192,238980,1,0,0:0:0:0:
182,192,239280,1,2,0:0:0:0:
256,192,239580,1,8,0:0:0:0:
402,192,239580,1,0,0:0:0:0:
36,192,240180,1,2,0:0:0:0:
402,192,240180,1,4,0:0:0:0:
109,192,240480,1,0,0:0:0:0:
182,192,240780,1,0,0:0:0:0:
256,192,241080,1,0,0:0:0:0:
402,192,241380,1,0,0:0:0:0:
36,192,242580,1,0,0:0:0:0:
182,192,242889,1,0,0:0:0:0:
256,192,243198,1,0,0:0:0:0:
329,192,243507,1,0,0:0:0:0:
475,192,243817,1,0,0:0:0:0:
109,192,245054,1,0,0:0:0:0:
256,192,245363,1,0,0:0:0:0:
329,192,245672,1,0,0:0:0:0:
402,192,245982,1,0,0:0:0:0:
475,192,246291,1,0,0:0:0:0:
36,192,250194,1,0,0:0:0:0:
109,192,250528,1,0,0:0:0:0:
256,192,250861,1,0,0:0:0:0:
402,192,251194,1,0,0:0:0:0:
475,192,251528,1,0,0:0:0:0:
109,192,252861,1,0,0:0:0:0:
182,192,253250,1,0,0:0:0:0:
256,192,253640,1,0,0:0:0:0:
329,192,254029,1,0,0:0:0:0:
475,192,254419,1,0,0:0:0:0:
36,192,255977,128,0,256367:0:0:0:0:
109,192,256367,128,0,256758:0:0:0:0:
256,192,256758,128,0,257149:0:0:0:0:
402,192,257149,128,0,257539:0:0:0:0:
475,192,257539,128,0,259102:0:0:0:0:
